start=2553.885000
volume=65.000000
sid=1
