start=2892.793000
volume=80.000000
fullscreen=no
