start=2552.467000
volume=95.000000
fullscreen=no
